$ANSIBLE_VAULT;1.1;AES256
34663963316535613636663765656437633631303965333336623539663833393535656332656237
6639616332393365346465376533306334616238343136300a346565366630316434646366623239
34306239393662623232396439383663383366613032303533313333333836623261656132326265
3765633463633466360a363630636231373635373432353064343365666638386133303363616564
30306635336138333062616436633934646230353266376333323966353931376437373334373939
39326633373066326239333366336162353763666164663437343338383336636430626531663131
38326165383430336135653163336662653236333262313532616535346135313531333832353466
34363038663662666537636535353135653438333035623239383862646466346530353831636333
62663630356336303730306666323931376235333361623339323965366436356266306531613733
38303435393537373239383439313838343135323638393832356362326337343436303532373938
36646538346561633339383938656136366466616164323730313236333938383932346264363631
33343361356637633764643464663531373533356166636233353233653039643036363765353135
36613465613530303130373665336337306361356330363162616332303761616232646532656362
30303762323634303632366536353265393637393839343738393866323364656636306266653334
66623333623235633462646533336562653065383134373831336261316562643735313637633639
36373266323363323035313363633336323230316161386164616164303864373138333233633333
33626566323636326461653062383133346261383034336532313065646133353237373732333339
30653865623834613936633032393030666638333165343332626464633362396666663033626139
64393963613466313133373333396133646236643966373564343632666135386562396139656239
66303265613432353338626237336264376532616335653134303238663638333239633235363963
63366265616532346532656261613033343763373265316462396432303931316563653961653532
34303130353237373362376537663462633833313365313135613237353232363363353832623463
61356136356461396238663065653836373866633763376336356366383130356532636166343764
64623463623661633730633765616661663831313365663839666538333132313739313633383837
33366433663439383762636235633739346130333037356665356434386639383235373165333739
66366431383437303132353962626231346636393966626533663936326462363938313566656162
33316264313331356636393132393839353562643964343633316232363566303466356431326566
63643862623733623331653461386135353731333235643233633330666563316666663931663130
61333136393166333331313364373833316238373135663138376238306363663065666333316132
6332353964616334633066313434336666383635663664363065
