$ANSIBLE_VAULT;1.1;AES256
61663865653766363433656538346130306330643461313832663336376436383631613735643934
3264306438333432316338363134643736313465353761370a393436303562313365646332333538
63646666666664383533383264306339336266353261636432653066336239303962663230346537
6332353466623338340a353163623034666261323061346365326535343239633034626162306231
31623562653462643238616662633566626539306666323966383639393732393837343164646532
35373434626162653438396361346462323964653834393430626362396565326438616331643461
62393861323235643330666130386333333231393031306662653034366634306463323663636137
30313761646537383766303338393765663832623038626366633632336163643039343937393865
62396337346466363932636130316637343965616531636439376265663165333362643230373964
39316363626630633630303463306530646238646366386133623361323261613261626438306434
63303837396561623765613034376162323837336335393564396561366131646431623766666630
32653033393163386632306662623631353130633132653239393464636665623337613237336638
63363663653330613638333738356236343831376132333739626638323464653639323561386465
37386161353766663063643834323861303232353164346562376633653034336439393835366630
61646233356433653632346436336463303162313131323766373164346331306437303362633330
38353431646164663664623932666532636533363530646231653131633865316235343439396435
31646366383536356439323234623865613764343339333837633061663261383631613262623966
61343762616164643136663165363961316235346631623637316339343262383765303261643063
38306136333835306338333931646461616262383530636562313062383363613066363530383531
61366236656661616662663830616663363634656136336333633163633535393933343235326263
34386436326263393532653136653165386638653238393131656636643265316632643938623766
3037363531396534363638383531363134626137396530613562
