$ANSIBLE_VAULT;1.1;AES256
32373430633866623562396436616635373435333037663965623137316637336165396264316439
6234386135373735636661333038373536666236623132320a333161316236316637393830333036
64323764666337613632383664626630633630343331366136353435326534373436623138363939
3763316635653365660a343464613835636161326532613766306639303233363230663630306237
63383837396634643433666131656164303635366164326238633566353436636637336461613739
34633164366563653165373164323430303133383139363565313230646165333335303462353832
65633934393463303439306137326334393236343331323266383635316464636261313464656364
30353962633834633637636239626632656536363336363932313235336661356566363938643432
36636164633566306139303334663235356233303632356564326466663434346565633537616465
33316632333335346563643339346364653061613531646335653364323234373866303335393462
35616361323731623061643561363635646538343830366133663061316333373334653233663663
66326532386432323739653164663333666538643064316139303662626336333335613030393030
37356137366631346337663139343735613264353830653866353965333661323666623830346662
61343035313737626166353636376461613332646365313536356132633161613936303763343932
34666430666632333730643639336565623639653835306262353364373462666265626438626462
30353763353832666131346166613734353938666535343632383762333438326261306166383136
63336561333838353266336331383735323434386333663934633661666437333237323861336639
37376234323461396463356635376461643537663737646532373639336539323366613736303930
63396334343462656130623065313434663465393139646566336366323563613330396533383635
66336637303230666163306463653836366231656663623538616637363737636136643965363564
35626630343966623532336536626239633563383639326161376664336661666631306536643433
3263346438323965323638393637623932333138383566626332
