$ANSIBLE_VAULT;1.1;AES256
38343663626138626536306636343665363338313163353837616365386336386330653231613039
6137633361346565323564656331616639333933633839620a316261633464323436363737313333
66383133626636616639356339663131353337333630613834643733366135323132636136316135
6434346330323731620a353764623664303238313061373830336163646161383761376331626131
38393131613666333332653431326339636133336161373331363537653038353131323836383938
33306432333335616633633633613039373735326266306438336265623235666264356162363133
36333865623262346538353839636134393432393335616134313462633536616233666338306438
36336361333462376230646661643263663330333836386263336333393061653138333337643530
62613936643364323362376163333833663963353662623437366264393261663161323165373036
63356636663030633961316363333833366534646238336135653938346364376231623934643537
31333031646563653161666261376137373439356437656537663935616166303735396136633639
64653265346665356266386430643862646139313335633935386265663333306365633832356435
38393930623030363336653935306431626631643838313739613935323039303937343066363739
64333735613132663636316334343735353337326336666238626665326664653936643434336464
36356166373336376466383961663538333065663163623764303863613966383137643432306633
34383433323633363130323735646139653039333438626133393537303033383933666138363662
61383733303236663439363836363232643634636639303062653236326234396436666264323532
62303862316431396336386663353265316464363662366562653833353731616436633232343665
32613133666333313932666435386264613433303066393033346163343363363632303562613566
62656366313237653231366463646533633161353833666662386561333334383836656537663764
63343537646434646261653433343232303635663833613166633538313334383362353734613764
62353338616233376538613432373533313037366637366665393263653535623031646465363531
35303830303432333735626236623330646239323734383034376266613662666466373330666266
36646337366436326562653634373930346135353531366335316161646366343265633635656233
39323161343862636464356262373739316335363432306439396333323432363466643964376339
38323937626263633836356165343061613464303539623534396139323662313233396239353035
36333732653661653833396265313233373736653135633239353235633433333637333833376631
32366333336566663663313032383431303865613132393631396134653032373033633430343330
65363533306336336530613038333263343130393438396534376539343931396666643964653162
39386563663530636461303634313133643432356663393838613261333835336562343065653632
666639333262363634633732343739333730
