$ANSIBLE_VAULT;1.1;AES256
32636162613131333339656533623033363132663661306162393133646165336530353432376133
3035323730386534623435633161346230353938656566630a646431646633396535363830643965
61633038333938626538363563353862633231336663383632616431333334323231663865326638
3165623538653635620a373532346639366331613539656238393334613364333631623233636530
37653833386561643566343761383238653538613161323035653839373439636365383430626532
62343962323532663064653232666534623065363164646264656564366162363837366630326637
37316434616665626534333961366134653865306432393334353037303132376137346262336639
30383237656363623262643930306236356662316466373137636633333732653436616233386337
35346466303266326235653864306532653734613535643762343033633666366161666564613132
32346161666165633339636236343734383138633439396432323331356332313432356664623933
63643062373832343664616532313831356637616632353233396334643062326139363164333439
32666432633738383433303730363436323630626138396261303265636166633066613865393961
61333632623463363666373462306465646236643835646138303333633866636535393136333937
33623463643862353464373933653735346538626535643936623366313938633963373831653464
66323031613030343035663861366432336534383464343062663765636262333532396131626466
64333665643036643161346235623861613033366564363934366262636330306461643761653836
38663562623231623035633039356131303065326232326135356165323362636662353835353930
39383362666339333163623061656235613861633365373063626364656233396633636138346466
64613761363739663664336533343439383638346631306462383761383463613631376430633439
66666238646136306364383464356138393333656335323134393064643463366461353937323464
39366332363537623539373664393234303563616630623366306136616239346361646264616439
38336164646463353264633063316164376465663735313833376437326166343863316339306533
62396666356466653032663430636238306566626432616263393035336266386561633430303239
30393830346332393534656439656564633337393266333933666165616134396131376636393932
32323637363832396665333964636665343461366237393136333761643431616635
