$ANSIBLE_VAULT;1.1;AES256
32653661346330303237356530613539666333333832373063653338633135316361373262373264
3065663131616664636133373839653930623134323962390a663534643633336334306665663664
64663962653633393034303933623136346231393534346130393765366231303236633462393332
6530363166383231320a306363353661333463653438386332393639613535633163383762376435
32303462646136326230363637326432366263623463386531353532393637383161616330613137
36613364666362656262363934366635373836633530626530623837373361346131666430393332
34333333386231393236336638303435346531336330613633303863326665633035633261326636
64656362306537363766336565356361646136343263323536373734323433383862613266386136
32656233653734363430356466633436383731376432346239356566383733313435326663633765
39313831386162323338633631306232303033373538646363336135306432623936663334316231
31656532636261303537363134636433326466363737323133626662393636633034336435633139
32643566363131323262663863333234666638333934633238303130313335333136623066303365
33383131306266633631333462333734653833646265326465633135613635623936643835613036
65336339356362636563386231656661636361646532376265323162373666643238643836333030
30356238656133383333373363646135633835616565356133663663653232343563643639386366
31383263336633616665333863636663636334303365346134373933623064313461373363643063
31343763363636356131323663626635313461353932343634333638633135396466333939343364
64363438333037633164626430633437653538626634363461306637633231383561393031343962
34373630666432333761633239623630663830636239363165623462663066346539646630303039
61303662313833356431356331656261313566326563313261316531343666663533613935383830
64663833386237313337353131376364363163326564363636623564353333636335613865373566
65666662656563363962333261376238373133396139363936353639373739393030386136383264
32356339363265306638363165613333383064653338326631366464383633626232386262656539
34376536623238376161363638386364656233343038656132323236373033393837386365613836
65386430346635346336306662333736633939613233323935363037373337383930313130393133
33623236303463343237353931366362636137343336363938626138643165633539333030646230
32393939366532313834663935643962353336353633343737643134663531316433353333613763
35633461326362353137326631393265396565373563616337646634323661313761356635646438
36616362333531613739326261373631373865396663373639646261353863613364
