$ANSIBLE_VAULT;1.1;AES256
34356666366337366465646537393737303736333366663339303035633136313436316138343661
3661386536393731663762356236666239393965663366310a616363613633633438326233636436
61343663333338343264643862666339626561396231626236653036613730613565383835346466
3831336431333836310a366665643131616139343332376664313762333733616138396562653737
63616664663430323863393338653537343566366439346535323134383966653736626138613361
61333132333632396333623732323035313462646163656432363666383661623933623538363131
31326461376338363063316566633831343465653836653930333730383162643734326430623063
61333761346434303366356362323832356632363339646533623966303134333732386238383361
64373262623032303334666463646134636462386336626662373833633533333233623739333439
63313538313661646231613061363064376538363364376433616133636532613965653932313032
34346363663331393963353238376537386661616166363530373430326134633234346566653038
62613664636435643038
