$ANSIBLE_VAULT;1.1;AES256
30643630346465323764616562343938613066323765646562646437633231616237616563663730
3838333832626361656536326461336532376332303661320a613136346131353266393266326233
65386235313264623037646534396431323731313165323036336335343261366465303430646634
6334303533333664620a313865663137613263666564643234353733393064633462386131333432
66663264656134366239666361363466396637346162343265383439666262343166323364346530
33666166636536633930383133386531343331323361343430633237303861636139343431353835
38393061313639383537366630383261646337623139663031323365666364663337306362623339
38663364623031396539346138356463336266613031356332643963396331323462396131356265
39616631336635626263386136643362333534316238386165326237316566393566646237353464
37393934353339646331343732336535356262303662643133313566303664613930393532616663
37333535356562613135613438383037353034396433316536626165356336393336323338306235
35346432663835363130316663636436323832333363623463643065346164393064393963643239
30393534653263376137366461313536306461383135643330303837306666636666393736663334
62656366386165353138303530633533363866643135393461353638613261353433393436366235
64316466633431313063323338616163353136383030613233343234656365306263333363333230
38383438663333316163313564666434333666343361666465346639653935633134616636616537
64633863383536323163653765346235373030333530393434376535356261336362663235306237
3435393766363164313231633934663363643536366363663738
