$ANSIBLE_VAULT;1.1;AES256
64363434636431366138663139376365306565323261316330393562613736656635306361373839
3630643632633235656334646132356134316230616432610a306566323239336439626238653135
32616631383066393762656534363765623366303961623063366263663961303639646361313332
3735663264616634660a656438353835623732326534383338323862353661613735383966643537
62653733613336353334663136646263303130326263616330663634653739353562366436383936
32316338356439616137313030646562623363623066343565383732393436373062366533376438
32383465393462336538643231366133633461653838363136366437653730613133356630386538
37376331393832353932666531396434616433383333623961386433346364663330653432656639
38653662316237613865336465633830333233393430303836663833653737636438383035363265
37653637623934663465326335343935656333646430383664396136633039663361353032393834
35303038333537303664636661363835316237303031313364396164326636376366663864383835
38623663363534356531396664393132636165306362616336653761613436393134313431363863
37663431373934333666356262363839316130623232643831346364333364313462653063356135
36306630323435353239396563396330623062323764356263316464373432373965643933623435
303330346165613331303563376530323332
